john | 100001 | 17 | 33 | 52 |                                   
fany | 100002 | 40 | 65 | 59 |                                  
sara | 100003 | 29 | 26 | 27 |                                 
zara | 100004 | 23 | 46 | 76 |                                
karen | 100005 | 1 | 13 | 3 |                               
jay | 100006 | 50 | 94 | 199 |                              
jay | 100006 | 0 | 15 | 0 |                             
jay | 100006 | 14 | 33 | 42 |                            
mocha | 100007 | 26 | 50 | 88 |                           
Chaahat | 100008 | 1 | 13 | 3 |                          
Chaahat | 100008 | 33 | 59 | 116 |                         
jay | 100006 | 1 | 12 | 3 |                       
sandwitch | 100006 | 1 | 13 | 3 |                      
Mikhael | 100009 | 23 | 45 | 76 |                     
jay | 100006 | 34 | 61 | 120 |                    
jay | 100006 | 61 | 103 | 265 |                   
julian | 100010 | 13 | 30 | 39 |                  
Jason | 100011 | 12 | 30 | 36 |                 
jason | 100011 | 0 | 9 | 0 |                
Ken | 100012 | 3 | 18 | 9 |               
jay | 100006 | 24 | 41 | 80 |             
jay | 100006 | 1 | 12 | 3 |            
jay | 100006 | 1 | 12 | 3 |           
jay | 100006 | 0 | 9 | 0 |          
jay | 100006 | 0 | 10 | 0 |         
jay | 100006 | 0 | 9 | 0 |        
jay | 100006 | 0 | 9 | 0 |       
jay | 100006 | 0 | 9 | 0 |      
jay | 100006 | 0 | 9 | 0 |     
jay | 100006 | 1 | 12 | 3 |    
jay | 100006 | 1 | 13 | 3 |   
jay | 100006 | 1 | 12 | 3 |  
jay | 100006 | 0 | 9 | 0 | 
jay | 100006 | 0 | 9 | 0 |
